0 198.000000 470.000000 0.0000000 49.399025
0 198.000000 470.000000 0.0000000 48.682600
0 198.000000 470.000000 0.0000000 48.427504
0 198.000000 470.000000 0.0000000 47.212204
248
3 390.158653 363.747210 0.00000050 49.363899
3 390.766969 363.394170 0.00000050 49.353963
3 392.064237 362.641291 0.00000050 49.327665
3 392.148412 362.592439 0.00000050 49.326201
3 392.912938 362.148741 0.00000050 49.313294
3 393.519526 361.796704 0.00000050 49.303382
3 394.212813 361.394349 0.00000050 49.289465
3 394.813779 361.045575 0.00000050 49.279631
3 395.414313 360.697050 0.00000050 49.269803
3 396.103275 360.297207 0.00000050 49.255947
3 396.906698 359.830934 0.00000050 49.240100
3 398.194474 359.083564 0.00000050 49.216334
3 398.801928 358.731024 0.00000050 49.206410
3 399.486594 358.333673 0.00000050 49.195013
3 400.169498 357.937345 0.00000050 49.181240
3 400.253669 357.888495 0.00000050 49.179776
3 402.147149 356.789601 0.00000050 49.143605
3 402.231752 356.740501 0.00000050 49.142135
3 402.919879 356.341142 0.00000050 49.130690
3 403.531660 355.986090 0.00000050 49.120706
3 403.613667 355.938497 0.00000050 49.119272
3 404.292244 355.544680 0.00000050 49.105559
3 404.896674 355.193895 0.00000050 49.095677
3 405.494618 354.846874 0.00000050 49.085885
3 406.095156 354.498347 0.00000050 49.076057
3 406.794530 354.092460 0.00000050 49.064456
3 407.478294 353.695633 0.00000050 49.050671
3 408.158598 353.300814 0.00000050 49.036935
3 408.929196 352.853592 0.00000050 49.023944
3 409.634580 352.444217 0.00000050 49.009860
3 410.924041 351.695869 0.00000050 48.983670
3 411.528474 351.345082 0.00000050 48.973788
3 411.611342 351.296989 0.00000050 48.972342
3 412.214046 350.947206 0.00000050 48.962484
3 412.811993 350.600183 0.00000050 48.952691
3 413.414264 350.250650 0.00000050 48.942839
3 414.012212 349.903627 0.00000050 48.933047
3 414.695971 349.506803 0.00000050 48.919263
3 415.499442 349.040502 0.00000050 48.905816
3 416.103445 348.689965 0.00000050 48.895939
3 418.165321 347.493341 0.00000050 48.856628
3 418.248186 347.445249 0.00000050 48.855182
3 418.327158 347.399417 0.00000050 48.853791
3 418.934190 347.047122 0.00000050 48.843872
3 419.625729 346.645782 0.00000050 48.829980
3 420.233626 346.292985 0.00000050 48.820050
3 422.282440 345.103941 0.00000050 48.779111
3 422.886878 344.753151 0.00000050 48.769229
3 423.578480 344.351775 0.00000050 48.757736
3 423.662207 344.303183 0.00000050 48.756278
3 424.341635 343.908873 0.00000050 48.742554
3 424.958183 343.551055 0.00000050 48.732504
3 425.559595 343.202021 0.00000050 48.722663
3 426.837794 342.460209 0.00000050 48.696630
3 426.930601 342.406348 0.00000050 48.695046
3 427.702951 341.958109 0.00000050 48.682031
3 428.391025 341.558780 0.00000050 48.668187
3 429.848876 340.712706 0.00000050 48.638857
3 430.452453 340.362416 0.00000050 48.628987
3 431.748885 339.610022 0.00000050 48.605100
3 431.884662 339.531223 0.00000050 48.602919
3 432.474182 339.189091 0.00000050 48.593055
3 432.704503 339.055423 0.00000050 48.589239
3 434.034214 338.283715 0.00000050 48.565038
3 434.116207 338.236130 0.00000050 48.563604
3 434.385389 338.079908 0.00000050 48.559064
3 435.121858 337.652493 0.00000050 48.544464
3 435.729762 337.299692 0.00000050 48.534533
3 435.819538 337.247590 0.00000050 48.532992
3 436.591898 336.799345 0.00000050 48.519977
3 437.206290 336.442778 0.00000050 48.509956
3 437.887439 336.047468 0.00000050 48.496208
3 438.773384 335.533304 0.00000050 48.481447
3 439.462316 335.133477 0.00000050 48.467591
3 440.066762 334.782683 0.00000050 48.457709
3 440.669912 334.432640 0.00000050 48.447844
3 441.268738 334.085108 0.00000050 48.438040
3 441.872753 333.734563 0.00000050 48.428163
3 443.164773 332.984730 0.00000050 48.401938
3 443.467643 332.808957 0.00000050 48.397088
3 447.110319 330.694904 0.00000050 48.333214
3 500.000000 300.000000 0.00000050 47.078956
10 597.000000 295.000000 0.0000000 43.644164
10 597.000000 295.000000 0.0000000 43.623305
10 597.000000 295.000000 0.0000000 43.597800
10 597.000000 295.000000 0.0000000 43.554419
10 597.000000 295.000000 0.0000000 43.531938
10 597.000000 295.000000 0.0000000 43.475598
10 597.000000 295.000000 0.0000000 43.465759
10 597.000000 295.000000 0.0000000 43.430743
10 597.000000 295.000000 0.0000000 43.354749
10 597.000000 295.000000 0.0000000 43.333776
10 597.000000 295.000000 0.0000000 43.278693
10 597.000000 295.000000 0.0000000 43.268649
10 597.000000 295.000000 0.0000000 43.247408
10 597.000000 295.000000 0.0000000 43.220369
10 597.000000 295.000000 0.0000000 43.186630
10 597.000000 295.000000 0.0000000 43.121438
10 597.000000 295.000000 0.0000000 43.066957
10 597.000000 295.000000 0.0000000 43.055775
10 597.000000 295.000000 0.0000000 43.041300
10 597.000000 295.000000 0.0000000 43.031448
10 597.000000 295.000000 0.0000000 43.005926
10 597.000000 295.000000 0.0000000 42.984661
10 597.000000 295.000000 0.0000000 42.974689
10 597.000000 295.000000 0.0000000 42.825046
10 597.000000 295.000000 0.0000000 42.770534
10 597.000000 295.000000 0.0000000 42.738579
10 597.000000 295.000000 0.0000000 42.727015
10 597.000000 295.000000 0.0000000 42.716983
10 597.000000 295.000000 0.0000000 42.705599
10 597.000000 295.000000 0.0000000 42.694046
10 597.000000 295.000000 0.0000000 42.684050
10 597.000000 295.000000 0.0000000 42.651761
10 597.000000 295.000000 0.0000000 42.630556
10 597.000000 295.000000 0.0000000 42.620692
10 597.000000 295.000000 0.0000000 42.566329
10 597.000000 295.000000 0.0000000 42.556442
10 597.000000 295.000000 0.0000000 42.523185
10 597.000000 295.000000 0.0000000 42.511717
10 597.000000 295.000000 0.0000000 42.501889
10 597.000000 295.000000 0.0000000 42.414149
10 597.000000 295.000000 0.0000000 42.393302
10 597.000000 295.000000 0.0000000 42.300910
10 597.000000 295.000000 0.0000000 42.288349
10 597.000000 295.000000 0.0000000 42.243203
10 597.000000 295.000000 0.0000000 42.230057
10 597.000000 295.000000 0.0000000 42.203196
10 597.000000 295.000000 0.0000000 42.193404
10 597.000000 295.000000 0.0000000 42.151360
10 597.000000 295.000000 0.0000000 42.117507
10 597.000000 295.000000 0.0000000 42.096547
10 597.000000 295.000000 0.0000000 42.075438
10 597.000000 295.000000 0.0000000 42.000941
10 597.000000 295.000000 0.0000000 41.967208
10 597.000000 295.000000 0.0000000 41.930226
10 597.000000 295.000000 0.0000000 41.917487
10 597.000000 295.000000 0.0000000 41.889037
10 597.000000 295.000000 0.0000000 41.876310
10 597.000000 295.000000 0.0000000 41.866374
10 597.000000 295.000000 0.0000000 41.770167
10 597.000000 295.000000 0.0000000 41.636896
10 597.000000 295.000000 0.0000000 41.627057
10 597.000000 295.000000 0.0000000 41.614496
10 597.000000 295.000000 0.0000000 41.499533
10 597.000000 295.000000 0.0000000 41.486901
10 597.000000 295.000000 0.0000000 41.464414
10 597.000000 295.000000 0.0000000 41.441724
10 597.000000 295.000000 0.0000000 41.396343
10 597.000000 295.000000 0.0000000 41.382058
10 597.000000 295.000000 0.0000000 41.348391
10 597.000000 295.000000 0.0000000 41.305066
10 597.000000 295.000000 0.0000000 41.250559
10 597.000000 295.000000 0.0000000 41.165359
10 597.000000 295.000000 0.0000000 41.152619
10 597.000000 295.000000 0.0000000 41.098102
10 597.000000 295.000000 0.0000000 41.063318
10 597.000000 295.000000 0.0000000 41.051934
10 597.000000 295.000000 0.0000000 41.039880
10 597.000000 295.000000 0.0000000 40.994055
10 597.000000 295.000000 0.0000000 40.947977
10 597.000000 295.000000 0.0000000 40.908162
10 597.000000 295.000000 0.0000000 40.896741
10 597.000000 295.000000 0.0000000 40.886818
10 597.000000 295.000000 0.0000000 40.745897
10 597.000000 295.000000 0.0000000 40.721995
10 597.000000 295.000000 0.0000000 40.691023
10 597.000000 295.000000 0.0000000 40.679603
10 597.000000 295.000000 0.0000000 40.647355
10 597.000000 295.000000 0.0000000 40.543407
10 597.000000 295.000000 0.0000000 40.473375
10 597.000000 295.000000 0.0000000 40.451874
10 597.000000 295.000000 0.0000000 40.438956
10 597.000000 295.000000 0.0000000 40.429165
10 597.000000 295.000000 0.0000000 40.419361
10 597.000000 295.000000 0.0000000 40.408227
10 597.000000 295.000000 0.0000000 40.398339
10 597.000000 295.000000 0.0000000 40.386894
100000 287.000000 0.0000000 42.680418
5 196.000000 287.000000 0.0000000 42.553038
5 196.000000 287.000000 0.0000000 42.553038
5 196.000000 287.000000 0.0000000 42.131667
5 196.000000 287.000000 0.0000000 42.087349
5 196.000000 287.000000 0.0000000 42.085908
5 196.000000 287.000000 0.0000000 41.964225
5 196.000000 287.000000 0.0000000 41.894623
5 196.000000 287.000000 0.0000000 41.869633
5 196.000000 287.000000 0.0000000 41.832306
5 196.000000 287.000000 0.0000000 41.819793
5 196.000000 287.000000 0.0000000 41.772128
5 196.000000 287.000000 0.0000000 41.744464
5 196.000000 287.000000 0.0000000 41.586475
5 196.000000 287.000000 0.0000000 41.498923
5 196.000000 287.000000 0.0000000 41.463507
5 196.000000 287.000000 0.0000000 41.462115
5 196.000000 287.000000 0.0000000 41.422655
5 196.000000 287.000000 0.0000000 41.411580
5 196.000000 287.000000 0.0000000 41.376641
5 196.000000 287.000000 0.0000000 41.376641
5 196.000000 287.000000 0.0000000 41.295007
5 196.000000 287.000000 0.0000000 41.223277
5 196.000000 287.000000 0.0000000 41.173775
5 196.000000 287.000000 0.0000000 41.114579
5 196.000000 287.000000 0.0000000 41.101983
5 196.000000 287.000000 0.0000000 41.078461
5 196.000000 287.000000 0.0000000 40.840447
5 196.000000 287.000000 0.0000000 40.725537
5 196.000000 287.000000 0.0000000 40.628894
5 196.000000 287.000000 0.0000000 40.572048
5 196.000000 287.000000 0.0000000 40.480278
5 196.000000 287.000000 0.0000000 40.465046
5 196.000000 287.000000 0.0000000 40.437392
5 196.000000 287.000000 0.0000000 40.411204
5 196.000000 287.000000 0.0000000 40.394082
5 196.000000 287.000000 0.0000000 40.321775
5 196.000000 287.000000 0.0000000 40.306037
5 196.000000 287.000000 0.0000000 40.257500
5 196.000000 287.000000 0.0000000 40.245030
5 196.000000 287.000000 0.0000000 40.245030
5 196.000000 287.000000 0.0000000 40.243541
5 196.000000 287.000000 0.0000000 40.117642
5 196.000000 287.000000 0.0000000 40.092586
5 196.000000 287.000000 0.0000000 39.984559
5 196.000000 287.000000 0.0000000 39.923756
5 196.000000 287.000000 0.0000000 39.636084
5 196.000000 287.000000 0.0000000 39.544696
5 196.000000 287.000000 0.0000000 39.474111
5 196.000000 287.000000 0.0000000 39.360979
5 196.000000 287.000000 0.0000000 39.287631
5 196.000000 287.000000 0.0000000 39.240416
5 196.000000 287.000000 0.0000000 39.238927
5 196.000000 287.000000 0.0000000 39.160303
5 196.000000 287.000000 0.0000000 39.022646
00000 38.770218
10 597.000000 295.000000 0.0000000 38.726658
10 597.000000 295.000000 0.0000000 38.716855
10 597.000000 295.000000 0.0000000 38.686052
10 597.000000 295.000000 0.0000000 38.642559
10 597.000000 295.000000 0.0000000 38.619988
10 597.000000 295.000000 0.0000000 38.608364
10 597.000000 295.000000 0.0000000 38.595302
10 597.000000 295.000000 0.0000000 38.573368
10 597.000000 295.000000 0.0000000 38.558797
10 597.000000 295.000000 0.0000000 38.548969
10 597.000000 295.000000 0.0000000 38.537357
10 597.000000 295.000000 0.0000000 38.513289
10 597.000000 295.000000 0.0000000 38.477922
10 597.000000 295.000000 0.0000000 38.443002
10 597.000000 295.000000 0.0000000 38.406233
10 597.000000 295.000000 0.0000000 38.344019
10 597.000000 295.000000 0.0000000 38.334131
10 597.000000 295.000000 0.0000000 38.324315
10 597.000000 295.000000 0.0000000 38.300044
10 597.000000 295.000000 0.0000000 38.277485
10 597.000000 295.000000 0.0000000 38.256256
10 597.000000 295.000000 0.0000000 38.201566
10 597.000000 295.000000 0.0000000 38.191774
10 597.000000 295.000000 0.0000000 38.180294
10 597.000000 295.000000 0.0000000 38.157759
10 597.000000 295.000000 0.0000000 38.111385
10 597.000000 295.000000 0.0000000 38.099893
10 597.000000 295.000000 0.0000000 38.046526
10 597.000000 295.000000 0.0000000 38.033751
10 597.000000 295.000000 0.0000000 38.022151
10 597.000000 295.000000 0.0000000 38.012359
10 597.000000 295.000000 0.0000000 38.000807
10 597.000000 295.000000 0.0000000 37.979919
10 597.000000 295.000000 0.0000000 37.929653
10 597.000000 295.000000 0.0000000 37.908472
10 597.000000 295.000000 0.0000000 37.898656
10 597.000000 295.000000 0.0000000 37.882874
10 597.000000 295.000000 0.0000000 37.872794
10 597.000000 295.000000 0.0000000 37.841847
10 597.000000 295.000000 0.0000000 37.832031
10 597.000000 295.000000 0.0000000 37.783920
10 597.000000 295.000000 0.0000000 37.763044
10 597.000000 295.000000 0.0000000 37.739083
10 597.000000 295.000000 0.0000000 37.729280
10 597.000000 295.000000 0.0000000 37.717990
10 597.000000 295.000000 0.0000000 37.649023
10 597.000000 295.000000 0.0000000 37.637495
10 597.000000 295.000000 0.0000000 37.602036
10 597.000000 295.000000 0.0000000 37.580760
10 597.000000 295.000000 0.0000000 37.569195
10 597.000000 295.000000 0.0000000 37.558418
10 597.000000 295.000000 0.0000000 37.545284
10 597.000000 295.000000 0.0000000 37.532736
10 597.000000 295.000000 0.0000000 37.519626
10 597.000000 295.000000 0.0000000 37.509751
10 597.000000 295.000000 0.0000000 37.498234
10 597.000000 295.000000 0.0000000 37.443640
10 597.000000 295.000000 0.0000000 37.398710
10 597.000000 295.000000 0.0000000 37.388882
10 597.000000 295.000000 0.0000000 37.366114
10 597.000000 295.000000 0.0000000 37.282705
10 597.000000 295.000000 0.0000000 37.250333
10 597.000000 295.000000 0.0000000 37.238744
10 597.000000 295.000000 0.0000000 37.227300
10 597.000000 295.000000 0.0000000 37.217460
10 597.000000 295.000000 0.0000000 37.207404
10 597.000000 295.000000 0.0000000 37.193225
10 597.000000 295.000000 0.0000000 37.157887
10 597.000000 295.000000 0.0000000 37.124215
10 597.000000 295.000000 0.0000000 37.112759
10 597.000000 295.000000 0.0000000 37.101218
10 597.000000 295.000000 0.0000000 37.091367
10 597.000000 295.000000 0.0000000 37.078245
10 597.000000 295.000000 0.0000000 37.066632
10 597.000000 295.000000 0.0000000 37.043780
10 597.000000 295.000000 0.0000000 37.033892
10 597.000000 295.000000 0.0000000 36.973313
10 597.000000 295.000000 0.0000000 36.963509
10 597.000000 295.000000 0.0000000 36.948298
10 597.000000 295.000000 0.0000000 36.938458
10 597.000000 295.000000 0.0000000 36.839424
10 597.000000 295.000000 0.0000000 36.828134
10 597.000000 295.000000 0.0000000 36.784372
10 597.000000 295.000000 0.0000000 36.774532
10 597.000000 295.000000 0.0000000 36.763383
10 597.000000 295.000000 0.0000000 36.731243
10 597.000000 295.000000 0.0000000 36.719691
10 597.000000 295.000000 0.0000000 36.709899
10 597.000000 295.000000 0.0000000 36.700035
10 597.000000 295.000000 0.0000000 36.688579
10 597.000000 295.000000 0.0000000 36.672499
10 597.000000 295.000000 0.0000000 36.651335
10 597.000000 295.000000 0.0000000 36.624021
10 597.000000 295.000000 0.0000000 36.603169
10 597.000000 295.000000 0.0000000 36.578970
10 597.000000 295.000000 0.0000000 36.567525
10 597.000000 295.000000 0.0000000 36.555949
10 597.000000 295.000000 0.0000000 36.546037
10 597.000000 295.000000 0.0000000 36.475225
10 597.000000 295.000000 0.0000000 36.451420
10 597.000000 295.000000 0.0000000 36.398125
10 597.000000 295.000000 0.0000000 36.375597
10 597.000000 295.000000 0.0000000 36.319193
10 597.000000 295.000000 0.0000000 36.309245
10 597.000000 295.000000 0.0000000 36.294275
10 597.000000 295.000000 0.0000000 36.284471
10 597.000000 295.000000 0.0000000 36.263159
10 597.000000 295.000000 0.0000000 36.238785
10 597.000000 295.000000 0.0000000 36.225794
10 597.000000 295.000000 0.0000000 36.214422
10 597.000000 295.000000 0.0000000 36.204594
10 597.000000 295.000000 0.0000000 36.193258
10 597.000000 295.000000 0.0000000 36.182040
10 597.000000 295.000000 0.0000000 36.140116
10 597.000000 295.000000 0.0000000 36.128516
10 597.000000 295.000000 0.0000000 36.115406
10 597.000000 295.000000 0.0000000 36.104058
10 597.000000 295.000000 0.0000000 36.056421
10 597.000000 295.000000 0.0000000 36.032454
10 597.000000 295.000000 0.0000000 36.006659
10 597.000000 295.000000 0.0000000 35.995106
10 597.000000 295.000000 0.0000000 35.983482
10 597.000000 295.000000 0.0000000 35.962198
10 597.000000 295.000000 0.0000000 35.952358
10 597.000000 295.000000 0.0000000 35.940721
10 597.000000 295.000000 0.0000000 35.929491
10 597.000000 295.000000 0.0000000 35.916334
0 470.000000 0.0000000 39.603592
1 364.000000 470.000000 0.0000000 39.592386
1 364.000000 470.000000 0.0000000 39.564791
1 364.000000 470.000000 0.0000000 39.541048
1 364.000000 470.000000 0.0000000 39.490390
1 364.000000 470.000000 0.0000000 39.455653
1 364.000000 470.000000 0.0000000 39.454260
1 364.000000 470.000000 0.0000000 39.417932
1 364.000000 470.000000 0.0000000 39.416414
1 364.000000 470.000000 0.0000000 39.405208
1 364.000000 470.000000 0.0000000 39.391423
1 364.000000 470.000000 0.0000000 39.345442
1 364.000000 470.000000 0.0000000 39.256256
1 364.000000 470.000000 0.0000000 39.246392
1 364.000000 470.000000 0.0000000 39.244934
1 364.000000 470.000000 0.0000000 39.201179
1 364.000000 470.000000 0.0000000 39.074836
1 364.000000 470.000000 0.0000000 38.997703
1 364.000000 470.000000 0.0000000 38.974576
1 364.000000 470.000000 0.0000000 38.973064
1 364.000000 470.000000 0.0000000 38.900294
1 364.000000 470.000000 0.0000000 38.778630
1 364.000000 470.000000 0.0000000 38.775972
1 364.000000 470.000000 0.0000000 38.760812
1 364.000000 470.000000 0.0000000 38.713906
1 364.000000 470.000000 0.0000000 38.687235
6 436.000000 252.000000 0.0000000 39.223887
6 436.000000 252.000000 0.0000000 39.191716
6 436.000000 252.000000 0.0000000 39.188326
6 436.000000 252.000000 0.0000000 39.178444
6 436.000000 252.000000 0.0000000 39.168652
6 436.000000 252.000000 0.0000000 39.145016
6 436.000000 252.000000 0.0000000 39.143529
6 436.000000 252.000000 0.0000000 39.129672
6 436.000000 252.000000 0.0000000 39.115924
6 436.000000 252.000000 0.0000000 39.114388
6 436.000000 252.000000 0.0000000 39.104554
6 436.000000 252.000000 0.0000000 39.066789
6 436.000000 252.000000 0.0000000 39.065332
6 436.000000 252.000000 0.0000000 39.063856
6 436.000000 252.000000 0.0000000 39.062344
6 436.000000 252.000000 0.0000000 39.051008
6 436.000000 252.000000 0.0000000 39.041096
6 436.000000 252.000000 0.0000000 39.028290
6 436.000000 252.000000 0.0000000 38.983531
6 436.000000 252.000000 0.0000000 38.973727
6 436.000000 252.000000 0.0000000 38.972269
6 436.000000 252.000000 0.0000000 38.946521
6 436.000000 252.000000 0.0000000 38.934051
6 436.000000 252.000000 0.0000000 38.905535
6 436.000000 252.000000 0.0000000 38.892670
6 436.000000 252.000000 0.0000000 38.881177
6 436.000000 252.000000 0.0000000 38.867381
6 436.000000 252.000000 0.0000000 38.825744
6 436.000000 252.000000 0.0000000 38.789633
6 436.000000 252.000000 0.0000000 38.785850
6 436.000000 252.000000 0.0000000 38.755046
6 436.000000 252.000000 0.0000000 38.745230
6 436.000000 252.000000 0.0000000 38.743772
6 436.000000 252.000000 0.0000000 38.718932
6 436.000000 252.000000 0.0000000 38.701351
6 436.000000 252.000000 0.0000000 38.699911
6 436.000000 252.000000 0.0000000 38.698471
6 436.000000 252.000000 0.0000000 38.645784
6 436.000000 252.000000 0.0000000 38.603952
6 436.000000 252.000000 0.0000000 38.591158
6 436.000000 252.000000 0.0000000 38.579630
6 436.000000 252.000000 0.0000000 38.565303
6 436.000000 252.000000 0.0000000 38.563809
6 436.000000 252.000000 0.0000000 38.562357
6 436.000000 252.000000 0.0000000 38.551033
6 436.000000 252.000000 0.0000000 38.537922
6 436.000000 252.000000 0.0000000 38.510384
6 436.000000 252.000000 0.0000000 38.500406
6 436.000000 252.000000 0.0000000 38.486681
6 436.000000 252.000000 0.0000000 38.473804
6 436.000000 252.000000 0.0000000 38.462251
6 436.000000 252.000000 0.0000000 38.436109
6 436.000000 252.000000 0.0000000 38.421901
6 436.000000 252.000000 0.0000000 38.411917
6 436.000000 252.000000 0.0000000 38.410459
6 436.000000 252.000000 0.0000000 38.358416
6 436.000000 252.000000 0.0000000 38.348516
6 436.000000 252.000000 0.0000000 38.308352
6 436.000000 252.000000 0.0000000 38.297181
6 436.000000 252.000000 0.0000000 38.273343
6 436.000000 252.000000 0.0000000 38.263551
6 436.000000 252.000000 0.0000000 38.262034
6 436.000000 252.000000 0.0000000 38.260594
6 436.000000 252.000000 0.0000000 38.250736
6 436.000000 252.000000 0.0000000 38.236904
6 436.000000 252.000000 0.0000000 38.227058
6 436.000000 252.000000 0.0000000 38.213141
6 436.000000 252.000000 0.0000000 38.199093
6 436.000000 252.000000 0.0000000 38.187672
6 436.000000 252.000000 0.0000000 38.177869
6 436.000000 252.000000 0.0000000 38.168077
6 436.000000 252.000000 0.0000000 38.152351
6 436.000000 252.000000 0.0000000 38.142505
6 436.000000 252.000000 0.0000000 38.126959
6 436.000000 252.000000 0.0000000 38.115538
6 436.000000 252.000000 0.0000000 38.105590
6 436.000000 252.000000 0.0000000 38.095787
6 436.000000 252.000000 0.0000000 38.068015
6 436.000000 252.000000 0.0000000 38.058157
6 436.000000 252.000000 0.0000000 38.048330
6 436.000000 252.000000 0.0000000 38.024600
6 436.000000 252.000000 0.0000000 38.014736
6 436.000000 252.000000 0.0000000 38.013290
6 436.000000 252.000000 0.0000000 38.003384
6 436.000000 252.000000 0.0000000 38.001950
6 436.000000 252.000000 0.0000000 37.978028
6 436.000000 252.000000 0.0000000 37.976595
6 436.000000 252.000000 0.0000000 37.962714
6 436.000000 252.000000 0.0000000 37.948666
6 436.000000 252.000000 0.0000000 37.947262
6 436.000000 252.000000 0.0000000 37.924428
6 436.000000 252.000000 0.0000000 37.908570
6 436.000000 252.000000 0.0000000 37.907178
6 436.000000 252.000000 0.0000000 37.905702
6 436.000000 252.000000 0.0000000 37.879405
6 436.000000 252.000000 0.0000000 37.855603
6 436.000000 252.000000 0.0000000 37.854133
6 436.000000 252.000000 0.0000000 37.852717
6 436.000000 252.000000 0.0000000 37.838861
6 436.000000 252.000000 0.0000000 37.837325
6 436.000000 252.000000 0.0000000 37.835885
6 436.000000 252.000000 0.0000000 37.826051
6 436.000000 252.000000 0.0000000 37.814655
6 436.000000 252.000000 0.0000000 37.789115
6 436.000000 252.000000 0.0000000 37.776053
6 436.000000 252.000000 0.0000000 37.762245
6 436.000000 252.000000 0.0000000 37.750824
6 436.000000 252.000000 0.0000000 37.740996
6 436.000000 252.000000 0.0000000 37.721830
6 436.000000 252.000000 0.0000000 37.720438
6 436.000000 252.000000 0.0000000 37.718999
6 436.000000 252.000000 0.0000000 37.705901
6 436.000000 252.000000 0.0000000 37.694288
6 436.000000 252.000000 0.0000000 37.681202
6 436.000000 252.000000 0.0000000 37.679660
6 436.000000 252.000000 0.0000000 37.669730
6 436.000000 252.000000 0.0000000 37.631147
6 436.000000 252.000000 0.0000000 37.629707
6 436.000000 252.000000 0.0000000 37.628220
6 436.000000 252.000000 0.0000000 37.618386
6 436.000000 252.000000 0.0000000 37.594608
6 436.000000 252.000000 0.0000000 37.593150
6 436.000000 252.000000 0.0000000 37.579306
6 436.000000 252.000000 0.0000000 37.569412
6 436.000000 252.000000 0.0000000 37.555519
6 436.000000 252.000000 0.0000000 37.543943
6 436.000000 252.000000 0.0000000 37.532534
6 436.000000 252.000000 0.0000000 37.521113
6 436.000000 252.000000 0.0000000 37.511106
6 436.000000 252.000000 0.0000000 37.485036
6 436.000000 252.000000 0.0000000 37.461090
6 436.000000 252.000000 0.0000000 37.459632
6 436.000000 252.000000 0.0000000 37.445800
6 436.000000 252.000000 0.0000000 37.444336
6 436.000000 252.000000 0.0000000 37.433011
6 436.000000 252.000000 0.0000000 37.421471
6 436.000000 252.000000 0.0000000 37.411523
6 436.000000 252.000000 0.0000000 37.396049
6 436.000000 252.000000 0.0000000 37.382216
6 436.000000 252.000000 0.0000000 37.372371
6 436.000000 252.000000 0.0000000 37.360758
6 436.000000 252.000000 0.0000000 37.350966
6 436.000000 252.000000 0.0000000 37.339461
6 436.000000 252.000000 0.0000000 37.325557
6 436.000000 252.000000 0.0000000 37.309951
6 436.000000 252.000000 0.0000000 37.283749
6 436.000000 252.000000 0.0000000 37.259959
6 436.000000 252.000000 0.0000000 37.246091
6 436.000000 252.000000 0.0000000 37.233077
6 436.000000 252.000000 0.0000000 37.231451
6 436.000000 252.000000 0.0000000 37.227035
6 436.000000 252.000000 0.0000000 37.216253
6 436.000000 252.000000 0.0000000 37.206413
6 436.000000 252.000000 0.0000000 37.192556
6 436.000000 252.000000 0.0000000 37.182639
6 436.000000 252.000000 0.0000000 37.156365
6 436.000000 252.000000 0.0000000 37.154901
6 436.000000 252.000000 0.0000000 37.125368
6 436.000000 252.000000 0.0000000 37.115511
6 436.000000 252.000000 0.0000000 37.105707
6 436.000000 252.000000 0.0000000 37.079457
6 436.000000 252.000000 0.0000000 37.078017
6 436.000000 252.000000 0.0000000 37.076541
6 436.000000 252.000000 0.0000000 37.063431
6 436.000000 252.000000 0.0000000 37.053567
6 436.000000 252.000000 0.0000000 37.042039
6 436.000000 252.000000 0.0000000 37.018177
6 436.000000 252.000000 0.0000000 36.992769
6 436.000000 252.000000 0.0000000 36.991204
6 436.000000 252.000000 0.0000000 36.951015
6 436.000000 252.000000 0.0000000 36.941157
6 436.000000 252.000000 0.0000000 36.931293
6 436.000000 252.000000 0.0000000 36.919729
6 436.000000 252.000000 0.0000000 36.908344
6 436.000000 252.000000 0.0000000 36.906910
6 436.000000 252.000000 0.0000000 36.905494
6 436.000000 252.000000 0.0000000 36.894002
6 436.000000 252.000000 0.0000000 36.892556
6 436.000000 252.000000 0.0000000 36.878784
6 436.000000 252.000000 0.0000000 36.864807
6 436.000000 252.000000 0.0000000 36.853243
6 436.000000 252.000000 0.0000000 36.841486
6 436.000000 252.000000 0.0000000 36.826096
6 436.000000 252.000000 0.0000000 36.816118
6 436.000000 252.000000 0.0000000 36.802166
6 436.000000 252.000000 0.0000000 36.774967
6 436.000000 252.000000 0.0000000 36.773515
6 436.000000 252.000000 0.0000000 36.743886
6 436.000000 252.000000 0.0000000 36.742483
6 436.000000 252.000000 0.0000000 36.716245
6 436.000000 252.000000 0.0000000 36.702401
6 436.000000 252.000000 0.0000000 36.691076
6 436.000000 252.000000 0.0000000 36.689630
6 436.000000 252.000000 0.0000000 36.679772
6 436.000000 252.000000 0.0000000 36.669896
6 436.000000 252.000000 0.0000000 36.658416
6 436.000000 252.000000 0.0000000 36.634626
6 436.000000 252.000000 0.0000000 36.622953
6 436.000000 252.000000 0.0000000 36.611569
6 436.000000 252.000000 0.0000000 36.610135
6 436.000000 252.000000 0.0000000 36.583729
6 436.000000 252.000000 0.0000000 36.572104
6 436.000000 252.000000 0.0000000 36.558284
6 436.000000 252.000000 0.0000000 36.555835
6 436.000000 252.000000 0.0000000 36.544150
6 436.000000 252.000000 0.0000000 36.531124
6 436.000000 252.000000 0.0000000 36.521332
6 436.000000 252.000000 0.0000000 36.509780
6 436.000000 252.000000 0.0000000 36.497721
6 436.000000 252.000000 0.0000000 36.485676
6 436.000000 252.000000 0.0000000 36.470263
6 436.000000 252.000000 0.0000000 36.460417
6 436.000000 252.000000 0.0000000 36.448816
6 436.000000 252.000000 0.0000000 36.434888
6 436.000000 252.000000 0.0000000 36.421019
6 436.000000 252.000000 0.0000000 36.382280
6 436.000000 252.000000 0.0000000 36.379591
6 436.000000 252.000000 0.0000000 36.365747
6 436.000000 252.000000 0.0000000 36.364163
6 436.000000 252.000000 0.0000000 36.351185
6 436.000000 252.000000 0.0000000 36.341393
6 436.000000 252.000000 0.0000000 36.327465
6 436.000000 252.000000 0.0000000 36.316092
6 436.000000 252.000000 0.0000000 36.304491
6 436.000000 252.000000 0.0000000 36.290695
6 436.000000 252.000000 0.0000000 36.276694
6 436.000000 252.000000 0.0000000 36.250385
6 436.000000 252.000000 0.0000000 36.248957
6 436.000000 252.000000 0.0000000 36.234897
6 436.000000 252.000000 0.0000000 36.221052
6 436.000000 252.000000 0.0000000 36.209344
6 436.000000 252.000000 0.0000000 36.183058
6 436.000000 252.000000 0.0000000 36.171325
6 436.000000 252.000000 0.0000000 36.169843
6 436.000000 252.000000 0.0000000 36.158519
6 436.000000 252.000000 0.0000000 36.147026
6 436.000000 252.000000 0.0000000 36.133868
6 436.000000 252.000000 0.0000000 36.103865
6 436.000000 252.000000 0.0000000 36.102210
6 436.000000 252.000000 0.0000000 36.065966
6 436.000000 252.000000 0.0000000 36.055995
6 436.000000 252.000000 0.0000000 36.043064
6 436.000000 252.000000 0.0000000 36.033249
6 436.000000 252.000000 0.0000000 36.021804
6 436.000000 252.000000 0.0000000 36.011892
6 436.000000 252.000000 0.0000000 36.010410
6 436.000000 252.000000 0.0000000 35.997444
6 436.000000 252.000000 0.0000000 35.995998
6 436.000000 252.000000 0.0000000 35.986081
6 436.000000 252.000000 0.0000000 35.958237
6 436.000000 252.000000 0.0000000 35.948319
6 436.000000 252.000000 0.0000000 35.946742
6 436.000000 252.000000 0.0000000 35.935369
6 436.000000 252.000000 0.0000000 35.925529
6 436.000000 252.000000 0.0000000 35.873882
6 436.000000 252.000000 0.0000000 35.864078
6 436.000000 252.000000 0.0000000 35.850162
6 436.000000 252.000000 0.0000000 35.811614
6 436.000000 252.000000 0.0000000 35.797626
6 436.000000 252.000000 0.0000000 35.796150
6 436.000000 252.000000 0.0000000 35.794747
6 436.000000 252.000000 0.0000000 35.793355
6 436.000000 252.000000 0.0000000 35.769493
6 436.000000 252.000000 0.0000000 35.755552
6 436.000000 252.000000 0.0000000 35.753981
6 436.000000 252.000000 0.0000000 35.742644
6 436.000000 252.000000 0.0000000 35.741138
6 436.000000 252.000000 0.0000000 35.739699
6 436.000000 252.000000 0.0000000 35.715957
6 436.000000 252.000000 0.0000000 35.702040
6 436.000000 252.000000 0.0000000 35.690500
6 436.000000 252.000000 0.0000000 35.689042
6 436.000000 252.000000 0.0000000 35.675257
6 436.000000 252.000000 0.0000000 35.661401
6 436.000000 252.000000 0.0000000 35.634863
6 436.000000 252.000000 0.0000000 35.621957
6 436.000000 252.000000 0.0000000 35.608943
6 436.000000 252.000000 0.0000000 35.607497
6 436.000000 252.000000 0.0000000 35.597591
6 436.000000 252.000000 0.0000000 35.587054
6 436.000000 252.000000 0.0000000 35.575274
6 436.000000 252.000000 0.0000000 35.559932
6 436.000000 252.000000 0.0000000 35.550026
6 436.000000 252.000000 0.0000000 35.533102
6 436.000000 252.000000 0.0000000 35.523209
6 436.000000 252.000000 0.0000000 35.511692
6 436.000000 252.000000 0.0000000 35.501684
6 436.000000 252.000000 0.0000000 35.490263
6 436.000000 252.000000 0.0000000 35.476527
6 436.000000 252.000000 0.0000000 35.465130
6 436.000000 252.000000 0.0000000 35.451154
6 436.000000 252.000000 0.0000000 35.439601
6 436.000000 252.000000 0.0000000 35.427989
6 436.000000 252.000000 0.0000000 35.414687
6 436.000000 252.000000 0.0000000 35.404787
6 436.000000 252.000000 0.0000000 35.377887
6 436.000000 252.000000 0.0000000 35.376411
6 436.000000 252.000000 0.0000000 35.348688
6 436.000000 252.000000 0.0000000 35.338722
6 436.000000 252.000000 0.0000000 35.324950
6 436.000000 252.000000 0.0000000 35.323294
6 436.000000 252.000000 0.0000000 35.311897
6 436.000000 252.000000 0.0000000 35.297873
6 436.000000 252.000000 0.0000000 35.282291
6 436.000000 252.000000 0.0000000 35.256197
6 436.000000 252.000000 0.0000000 35.218553
6 436.000000 252.000000 0.0000000 35.208725
6 436.000000 252.000000 0.0000000 35.198789
6 436.000000 252.000000 0.0000000 35.197343
6 436.000000 252.000000 0.0000000 35.183427
6 436.000000 252.000000 0.0000000 35.169522
6 436.000000 252.000000 0.0000000 35.168059
6 436.000000 252.000000 0.0000000 35.154190
6 436.000000 252.000000 0.0000000 35.140238
6 436.000000 252.000000 0.0000000 35.138738
6 436.000000 252.000000 0.0000000 35.125856
6 436.000000 252.000000 0.0000000 35.114767
6 436.000000 252.000000 0.0000000 35.103154
6 436.000000 252.000000 0.0000000 35.089406
6 436.000000 252.000000 0.0000000 35.076415
6 436.000000 252.000000 0.0000000 35.052374
6 436.000000 252.000000 0.0000000 35.050928
6 436.000000 252.000000 0.0000000 35.033416
6 436.000000 252.000000 0.0000000 35.019416
6 436.000000 252.000000 0.0000000 35.005380
6 436.000000 252.000000 0.0000000 34.967735
6 436.000000 252.000000 0.0000000 34.939796
6 436.000000 252.000000 0.0000000 34.938224
6 436.000000 252.000000 0.0000000 34.914444
6 436.000000 252.000000 0.0000000 34.909443
