1.102475 412.980444 
1.207056 475.038714 
1.308060 443.543567 
1.410098 373.195891 
1.511420 573.220642 
1.613386 439.362024 
1.715548 489.420323 
1.816469 374.153489 
1.924992 409.868309 
2.028235 446.324699 
2.131426 526.401507 
2.242532 425.539242 
2.344106 507.217567 
2.445420 508.519237 
2.545993 512.260806 
2.648747 501.392800 
2.750981 503.943076 
2.852691 452.265820 
2.954305 507.017902 
3.057477 526.498616 
3.159551 504.733003 
3.259663 444.302372 
3.359893 458.943993 
3.462507 502.076870 
3.562716 495.763893 
3.664849 504.436491 
3.768323 497.903966 
3.870557 503.943081 
3.973831 498.868207 
4.075064 508.921089 
4.177098 504.930872 
4.278952 505.823206 

